8 0 1 401 672 108 283 -1 -1
8 1 1 702 339 62 175 -1 -1
8 2 1 443 477 95 228 -1 -1
8 3 1 632 296 57 159 -1 -1
8 4 1 128 322 46 76 -1 -1
9 0 1 1485 720 85 295 -1 -1
9 10 1 1133 458 53 210 -1 -1
8 0 2 401 671 104 285 -1 -1
8 1 2 702 339 60 175 -1 -1
8 2 2 443 477 91 228 -1 -1
8 3 2 632 296 56 158 -1 -1
8 4 2 127 321 48 75 -1 -1
9 0 2 1485 716 87 297 -1 -1
9 10 2 1134 458 52 210 -1 -1
8 0 3 402 669 102 289 -1 -1
8 1 3 702 339 60 176 -1 -1
8 2 3 444 471 88 234 -1 -1
8 3 3 632 294 56 160 -1 -1
8 4 3 128 322 46 74 -1 -1
9 0 3 1481 718 92 293 -1 -1
9 10 3 1134 459 53 210 -1 -1
8 0 4 401 669 103 289 -1 -1
8 2 4 445 476 88 227 -1 -1
8 1 4 702 340 60 174 -1 -1
8 3 4 633 296 54 157 -1 -1
8 4 4 128 321 46 71 -1 -1
9 0 4 1475 715 96 296 -1 -1
9 10 4 1134 460 53 208 -1 -1
8 0 5 394 673 111 286 -1 -1
8 1 5 707 339 57 175 -1 -1
8 2 5 445 469 91 236 -1 -1
8 3 5 634 298 55 154 -1 -1
8 4 5 130 321 42 73 -1 -1
9 0 5 1472 711 95 299 -1 -1
9 10 5 1135 463 52 202 -1 -1
8 0 6 385 676 121 284 -1 -1
8 1 6 709 337 58 176 -1 -1
8 3 6 635 299 53 150 -1 -1
8 2 6 449 465 81 238 -1 -1
9 0 6 1465 701 96 309 -1 -1
9 10 6 1135 463 53 202 -1 -1
8 0 7 377 678 127 283 -1 -1
8 1 7 711 334 58 178 -1 -1
8 3 7 637 299 52 150 -1 -1
8 2 7 452 453 71 253 -1 -1
8 4 7 130 323 39 76 -1 -1
9 0 7 1464 704 97 304 -1 -1
9 10 7 1135 464 55 201 -1 -1
8 0 8 371 681 132 280 -1 -1
8 1 8 713 333 57 178 -1 -1
8 3 8 641 300 49 151 -1 -1
8 2 8 453 452 65 251 -1 -1
8 4 8 131 324 34 76 -1 -1
9 0 8 1461 712 100 294 -1 -1
9 10 8 1135 465 57 201 -1 -1
8 0 9 364 683 136 277 -1 -1
8 1 9 715 335 55 176 -1 -1
8 2 9 454 446 63 259 -1 -1
8 3 9 647 301 45 148 -1 -1
9 0 9 1459 706 104 296 -1 -1
9 10 9 1136 466 59 200 -1 -1
8 0 10 360 682 130 278 -1 -1
8 1 10 715 337 55 172 -1 -1
8 3 10 650 301 44 149 -1 -1
8 2 10 457 451 56 255 -1 -1
9 0 10 1454 701 108 295 -1 -1
9 10 10 1136 467 61 202 -1 -1
8 0 11 353 683 123 277 -1 -1
8 1 11 714 338 58 168 -1 -1
8 3 11 653 300 44 149 -1 -1
8 2 11 456 453 55 260 -1 -1
9 0 11 1451 698 101 293 -1 -1
9 10 11 1136 469 64 201 -1 -1
8 0 12 347 685 121 276 -1 -1
8 1 12 715 339 58 167 -1 -1
8 3 12 655 301 46 148 -1 -1
8 2 12 454 456 57 256 -1 -1
9 0 12 1447 701 97 289 -1 -1
9 10 12 1136 469 68 204 -1 -1
8 0 13 342 686 117 275 -1 -1
8 1 13 719 339 56 166 -1 -1
8 3 13 654 300 59 149 -1 -1
8 2 13 450 480 62 234 -1 -1
9 0 13 1443 697 82 285 -1 -1
9 10 13 1137 471 71 207 -1 -1
8 0 14 334 686 111 274 -1 -1
8 3 14 655 299 65 149 -1 -1
8 1 14 724 339 52 167 -1 -1
8 2 14 446 485 67 233 -1 -1
9 0 14 1436 695 85 286 -1 -1
9 10 14 1137 472 72 208 -1 -1
8 0 15 324 686 121 274 -1 -1
8 3 15 655 301 72 146 -1 -1
8 2 15 443 485 79 236 -1 -1
8 1 15 730 340 50 166 -1 -1
8 4 15 122 328 40 72 -1 -1
9 0 15 1429 695 89 285 -1 -1
9 10 15 1138 473 74 210 -1 -1
8 0 16 319 687 125 276 -1 -1
8 2 16 442 489 87 231 -1 -1
8 3 16 655 298 75 148 -1 -1
8 1 16 732 338 51 167 -1 -1
9 0 16 1425 693 88 287 -1 -1
9 10 16 1139 474 69 213 -1 -1
8 0 17 304 688 138 274 -1 -1
8 2 17 441 489 97 234 -1 -1
8 3 17 656 299 80 147 -1 -1
8 1 17 735 338 51 168 -1 -1
9 0 17 1414 691 93 284 -1 -1
9 10 17 1139 475 70 218 -1 -1
8 0 18 277 690 164 273 -1 -1
8 2 18 440 490 99 233 -1 -1
8 3 18 659 299 78 148 -1 -1
8 1 18 738 338 52 168 -1 -1
9 0 18 1398 687 104 285 -1 -1
9 10 18 1139 476 72 218 -1 -1
8 0 19 261 691 178 274 -1 -1
8 2 19 440 490 94 232 -1 -1
8 1 19 742 339 54 167 -1 -1
8 3 19 662 298 77 150 -1 -1
8 4 19 110 330 49 72 -1 -1
9 0 19 1385 683 111 285 -1 -1
9 10 19 1142 477 73 219 -1 -1
8 0 20 259 691 177 278 -1 -1
8 2 20 440 490 90 232 -1 -1
8 1 20 744 338 55 165 -1 -1
8 3 20 665 299 73 149 -1 -1
8 4 20 109 331 50 71 -1 -1
9 0 20 1380 678 114 288 -1 -1
9 10 20 1144 478 72 218 -1 -1
8 0 21 256 691 175 284 -1 -1
8 2 21 440 492 92 233 -1 -1
8 1 21 745 337 63 166 -1 -1
8 3 21 675 297 62 152 -1 -1
8 4 21 107 331 52 71 -1 -1
9 0 21 1377 672 111 293 -1 -1
9 10 21 1148 480 73 218 -1 -1
8 0 22 255 691 167 285 -1 -1
8 2 22 441 493 90 234 -1 -1
8 1 22 747 336 65 166 -1 -1
8 3 22 685 297 57 154 -1 -1
9 0 22 1376 668 107 298 -1 -1
9 10 22 1151 481 72 217 -1 -1
8 0 23 253 692 153 287 -1 -1
8 2 23 442 494 91 239 -1 -1
8 1 23 751 334 63 164 -1 -1
8 3 23 695 298 47 151 -1 -1
9 0 23 1377 664 98 301 -1 -1
9 10 23 1154 483 71 217 -1 -1
8 2 24 444 495 91 245 -1 -1
8 1 24 752 333 64 164 -1 -1
8 0 24 249 694 140 284 -1 -1
8 3 24 704 295 44 157 -1 -1
9 10 24 1156 484 74 218 -1 -1
9 0 24 1377 666 91 283 -1 -1
8 2 25 445 498 94 247 -1 -1
8 0 25 239 694 131 286 -1 -1
8 1 25 756 335 59 161 -1 -1
8 3 25 707 296 45 155 -1 -1
9 10 25 1157 484 78 225 -1 -1
9 0 25 1375 668 84 267 -1 -1
8 2 26 446 498 95 259 -1 -1
8 0 26 230 697 122 284 -1 -1
8 1 26 759 333 59 163 -1 -1
8 3 26 709 299 50 153 -1 -1
9 10 26 1158 486 80 230 -1 -1
9 0 26 1371 666 79 265 -1 -1
8 2 27 448 499 96 262 -1 -1
8 0 27 222 697 98 291 -1 -1
8 1 27 763 332 56 160 -1 -1
8 3 27 712 302 57 150 -1 -1
9 10 27 1160 488 80 229 -1 -1
9 0 27 1359 664 87 264 -1 -1
8 2 28 448 501 97 261 -1 -1
8 0 28 210 699 106 300 -1 -1
8 3 28 713 299 64 151 -1 -1
8 1 28 768 332 50 156 -1 -1
9 10 28 1161 489 82 228 -1 -1
9 11 28 1349 661 92 263 -1 -1
8 0 29 196 697 119 312 -1 -1
8 2 29 450 504 96 259 -1 -1
8 3 29 714 300 69 150 -1 -1
8 1 29 774 331 47 156 -1 -1
8 4 29 92 338 53 86 -1 -1
9 0 29 1324 659 105 265 -1 -1
9 10 29 1163 492 80 224 -1 -1
